5000 11 32709
5000 13 32711
5000 14 32710
5001 10 32710
5001 12 32708
5002 10 32706
5002 12 32704
5003 11 32705
5003 13 32707
5003 14 32706
5004 10 32702
5004 10 32714
5004 12 32700
5004 12 32712
5005 11 32701
5005 11 32713
5005 13 32703
5005 13 32715
5005 14 32702
5005 14 32714
5006 11 32717
5006 13 32719
5006 14 32718
5007 10 32718
5007 12 32716
5008 11 32703
5008 11 32715
5008 13 32701
5008 13 32713
5008 14 32700
5008 14 32712
5009 10 32700
5009 10 32712
5009 12 32702
5009 12 32714
5010 10 32716
5010 12 32718
5011 11 32719
5011 13 32717
5011 14 32716
5012 10 32708
5012 12 32710
5013 11 32711
5013 13 32709
5013 14 32708
5014 11 32707
5014 13 32705
5014 14 32704
5015 10 32704
5015 12 32706
5016 10 32707
5016 12 32705
5017 11 32704
5017 13 32706
5017 14 32707
5018 11 32708
5018 13 32710
5018 14 32711
5019 10 32711
5019 12 32709
5020 11 32716
5020 13 32718
5020 14 32719
5021 10 32719
5021 12 32717
5022 10 32703
5022 10 32715
5022 12 32701
5022 12 32713
5023 11 32700
5023 11 32712
5023 13 32702
5023 13 32714
5023 14 32703
5023 14 32715
5024 11 32704
5024 13 32706
5024 14 32707
5025 10 32707
5025 12 32705
5026 10 32711
5026 12 32709
5027 11 32708
5027 13 32710
5027 14 32711
5028 10 32719
5028 12 32717
5029 11 32716
5029 13 32718
5029 14 32719
5030 11 32700
5030 11 32712
5030 13 32702
5030 13 32714
5030 14 32703
5030 14 32715
5031 10 32703
5031 10 32715
5031 12 32701
5031 12 32713
5032 10 32700
5032 10 32712
5032 12 32702
5032 12 32714
5033 11 32703
5033 11 32715
5033 13 32701
5033 13 32713
5033 14 32700
5033 14 32712
5034 11 32719
5034 13 32717
5034 14 32716
5035 10 32716
5035 12 32718
5036 11 32711
5036 13 32709
5036 14 32708
5037 10 32708
5037 12 32710
5038 10 32704
5038 12 32706
5039 11 32707
5039 13 32705
5039 14 32704
5040 10 32710
5040 12 32708
5041 11 32709
5041 13 32711
5041 14 32710
5042 11 32705
5042 13 32707
5042 14 32706
5043 10 32706
5043 12 32704
5044 11 32701
5044 11 32713
5044 13 32703
5044 13 32715
5044 14 32702
5044 14 32714
5045 10 32702
5045 10 32714
5045 12 32700
5045 12 32712
5046 10 32718
5046 12 32716
5047 11 32717
5047 13 32719
5047 14 32718
5048 11 32718
5048 13 32716
5048 14 32717
5049 10 32717
5049 12 32719
5050 10 32701
5050 10 32713
5050 12 32703
5050 12 32715
5051 11 32702
5051 11 32714
5051 13 32700
5051 13 32712
5051 14 32701
5051 14 32713
5052 10 32705
5052 12 32707
5053 11 32706
5053 13 32704
5053 14 32705
5054 11 32710
5054 13 32708
5054 14 32709
5055 10 32709
5055 12 32711
5056 10 32704
5056 12 32706
5057 11 32707
5057 13 32705
5057 14 32704
5058 11 32711
5058 13 32709
5058 14 32708
5059 10 32708
5059 12 32710
5060 11 32719
5060 13 32717
5060 14 32716
5061 10 32716
5061 12 32718
5062 10 32700
5062 10 32712
5062 12 32702
5062 12 32714
5063 11 32703
5063 11 32715
5063 13 32701
5063 13 32713
5063 14 32700
5063 14 32712
5064 11 32700
5064 11 32712
5064 13 32702
5064 13 32714
5064 14 32703
5064 14 32715
5065 10 32703
5065 10 32715
5065 12 32701
5065 12 32713
5066 10 32719
5066 12 32717
5067 11 32716
5067 13 32718
5067 14 32719
5068 10 32711
5068 12 32709
5069 11 32708
5069 13 32710
5069 14 32711
5070 11 32704
5070 13 32706
5070 14 32707
5071 10 32707
5071 12 32705
5072 11 32710
5072 13 32708
5072 14 32709
5073 10 32709
5073 12 32711
5074 10 32705
5074 12 32707
5075 11 32706
5075 13 32704
5075 14 32705
5076 10 32701
5076 10 32713
5076 12 32703
5076 12 32715
5077 11 32702
5077 11 32714
5077 13 32700
5077 13 32712
5077 14 32701
5077 14 32713
5078 11 32718
5078 13 32716
5078 14 32717
5079 10 32717
5079 12 32719
5080 10 32718
5080 12 32716
5081 11 32717
5081 13 32719
5081 14 32718
5082 11 32701
5082 11 32713
5082 13 32703
5082 13 32715
5082 14 32702
5082 14 32714
5083 10 32702
5083 10 32714
5083 12 32700
5083 12 32712
5084 11 32705
5084 13 32707
5084 14 32706
5085 10 32706
5085 12 32704
5086 10 32710
5086 12 32708
5087 11 32709
5087 13 32711
5087 14 32710
5088 11 32717
5088 13 32719
5088 14 32718
5089 10 32718
5089 12 32716
5090 10 32702
5090 10 32714
5090 12 32700
5090 12 32712
5091 11 32701
5091 11 32713
5091 13 32703
5091 13 32715
5091 14 32702
5091 14 32714
5092 10 32706
5092 12 32704
5093 11 32705
5093 13 32707
5093 14 32706
5094 11 32709
5094 13 32711
5094 14 32710
5095 10 32710
5095 12 32708
5096 10 32709
5096 12 32711
5097 11 32710
5097 13 32708
5097 14 32709
5098 11 32706
5098 13 32704
5098 14 32705
5099 10 32705
5099 12 32707
5100 11 32702
5100 11 32714
5100 13 32700
5100 13 32712
5100 14 32701
5100 14 32713
5101 10 32701
5101 10 32713
5101 12 32703
5101 12 32715
5102 10 32717
5102 12 32719
5103 11 32718
5103 13 32716
5103 14 32717
5104 10 32703
5104 10 32715
5104 12 32701
5104 12 32713
5105 11 32700
5105 11 32712
5105 13 32702
5105 13 32714
5105 14 32703
5105 14 32715
5106 11 32716
5106 13 32718
5106 14 32719
5107 10 32719
5107 12 32717
5108 11 32708
5108 13 32710
5108 14 32711
5109 10 32711
5109 12 32709
5110 10 32707
5110 12 32705
5111 11 32704
5111 13 32706
5111 14 32707
5112 11 32707
5112 13 32705
5112 14 32704
5113 10 32704
5113 12 32706
5114 10 32708
5114 12 32710
5115 11 32711
5115 13 32709
5115 14 32708
5116 10 32716
5116 12 32718
5117 11 32719
5117 13 32717
5117 14 32716
5118 11 32703
5118 11 32715
5118 13 32701
5118 13 32713
5118 14 32700
5118 14 32712
5119 10 32700
5119 10 32712
5119 12 32702
5119 12 32714
5120 10 32709
5120 12 32711
5121 11 32710
5121 13 32708
5121 14 32709
5122 11 32706
5122 13 32704
5122 14 32705
5123 10 32705
5123 12 32707
5124 11 32702
5124 11 32714
5124 13 32700
5124 13 32712
5124 14 32701
5124 14 32713
5125 10 32701
5125 10 32713
5125 12 32703
5125 12 32715
5126 10 32717
5126 12 32719
5127 11 32718
5127 13 32716
5127 14 32717
5128 11 32717
5128 13 32719
5128 14 32718
5129 10 32718
5129 12 32716
5130 10 32702
5130 10 32714
5130 12 32700
5130 12 32712
5131 11 32701
5131 11 32713
5131 13 32703
5131 13 32715
5131 14 32702
5131 14 32714
5132 10 32706
5132 12 32704
5133 11 32705
5133 13 32707
5133 14 32706
5134 11 32709
5134 13 32711
5134 14 32710
5135 10 32710
5135 12 32708
5136 11 32707
5136 13 32705
5136 14 32704
5137 10 32704
5137 12 32706
5138 10 32708
5138 12 32710
5139 11 32711
5139 13 32709
5139 14 32708
5140 10 32716
5140 12 32718
5141 11 32719
5141 13 32717
5141 14 32716
5142 11 32703
5142 11 32715
5142 13 32701
5142 13 32713
5142 14 32700
5142 14 32712
5143 10 32700
5143 10 32712
5143 12 32702
5143 12 32714
5144 10 32703
5144 10 32715
5144 12 32701
5144 12 32713
5145 11 32700
5145 11 32712
5145 13 32702
5145 13 32714
5145 14 32703
5145 14 32715
5146 11 32716
5146 13 32718
5146 14 32719
5147 10 32719
5147 12 32717
5148 11 32708
5148 13 32710
5148 14 32711
5149 10 32711
5149 12 32709
5150 10 32707
5150 12 32705
5151 11 32704
5151 13 32706
5151 14 32707
5152 11 32700
5152 11 32712
5152 13 32702
5152 13 32714
5152 14 32703
5152 14 32715
5153 10 32703
5153 10 32715
5153 12 32701
5153 12 32713
5154 10 32719
5154 12 32717
5155 11 32716
5155 13 32718
5155 14 32719
5156 10 32711
5156 12 32709
5157 11 32708
5157 13 32710
5157 14 32711
5158 11 32704
5158 13 32706
5158 14 32707
5159 10 32707
5159 12 32705
5160 10 32704
5160 12 32706
5161 11 32707
5161 13 32705
5161 14 32704
5162 11 32711
5162 13 32709
5162 14 32708
5163 10 32708
5163 12 32710
5164 11 32719
5164 13 32717
5164 14 32716
5165 10 32716
5165 12 32718
5166 10 32700
5166 10 32712
5166 12 32702
5166 12 32714
5167 11 32703
5167 11 32715
5167 13 32701
5167 13 32713
5167 14 32700
5167 14 32712
5168 10 32718
5168 12 32716
5169 11 32717
5169 13 32719
5169 14 32718
5170 11 32701
5170 11 32713
5170 13 32703
5170 13 32715
5170 14 32702
5170 14 32714
5171 10 32702
5171 10 32714
5171 12 32700
5171 12 32712
5172 11 32705
5172 13 32707
5172 14 32706
5173 10 32706
5173 12 32704
5174 10 32710
5174 12 32708
5175 11 32709
5175 13 32711
5175 14 32710
5176 11 32710
5176 13 32708
5176 14 32709
5177 10 32709
5177 12 32711
5178 10 32705
5178 12 32707
5179 11 32706
5179 13 32704
5179 14 32705
5180 10 32701
5180 10 32713
5180 12 32703
5180 12 32715
5181 11 32702
5181 11 32714
5181 13 32700
5181 13 32712
5181 14 32701
5181 14 32713
5182 11 32718
5182 13 32716
5182 14 32717
5183 10 32717
5183 12 32719
5184 10 32700
5184 10 32712
5184 12 32702
5184 12 32714
5185 11 32703
5185 11 32715
5185 13 32701
5185 13 32713
5185 14 32700
5185 14 32712
5186 11 32719
5186 13 32717
5186 14 32716
5187 10 32716
5187 12 32718
5188 11 32711
5188 13 32709
5188 14 32708
5189 10 32708
5189 12 32710
5190 10 32704
5190 12 32706
5191 11 32707
5191 13 32705
5191 14 32704
5192 11 32704
5192 13 32706
5192 14 32707
5193 10 32707
5193 12 32705
5194 10 32711
5194 12 32709
5195 11 32708
5195 13 32710
5195 14 32711
5196 10 32719
5196 12 32717
5197 11 32716
5197 13 32718
5197 14 32719
5198 11 32700
5198 11 32712
5198 13 32702
5198 13 32714
5198 14 32703
5198 14 32715
5199 10 32703
5199 10 32715
5199 12 32701
5199 12 32713
5200 11 32718
5200 13 32716
5200 14 32717
5201 10 32717
5201 12 32719
5202 10 32701
5202 10 32713
5202 12 32703
5202 12 32715
5203 11 32702
5203 11 32714
5203 13 32700
5203 13 32712
5203 14 32701
5203 14 32713
5204 10 32705
5204 12 32707
5205 11 32706
5205 13 32704
5205 14 32705
5206 11 32710
5206 13 32708
5206 14 32709
5207 10 32709
5207 12 32711
5208 10 32710
5208 12 32708
5209 11 32709
5209 13 32711
5209 14 32710
5210 11 32705
5210 13 32707
5210 14 32706
5211 10 32706
5211 12 32704
5212 11 32701
5212 11 32713
5212 13 32703
5212 13 32715
5212 14 32702
5212 14 32714
5213 10 32702
5213 10 32714
5213 12 32700
5213 12 32712
5214 10 32718
5214 12 32716
5215 11 32717
5215 13 32719
5215 14 32718
5216 11 32709
5216 13 32711
5216 14 32710
5217 10 32710
5217 12 32708
5218 10 32706
5218 12 32704
5219 11 32705
5219 13 32707
5219 14 32706
5220 10 32702
5220 10 32714
5220 12 32700
5220 12 32712
5221 11 32701
5221 11 32713
5221 13 32703
5221 13 32715
5221 14 32702
5221 14 32714
5222 11 32717
5222 13 32719
5222 14 32718
5223 10 32718
5223 12 32716
5224 10 32717
5224 12 32719
5225 11 32718
5225 13 32716
5225 14 32717
5226 11 32702
5226 11 32714
5226 13 32700
5226 13 32712
5226 14 32701
5226 14 32713
5227 10 32701
5227 10 32713
5227 12 32703
5227 12 32715
5228 11 32706
5228 13 32704
5228 14 32705
5229 10 32705
5229 12 32707
5230 10 32709
5230 12 32711
5231 11 32710
5231 13 32708
5231 14 32709
5232 10 32707
5232 12 32705
5233 11 32704
5233 13 32706
5233 14 32707
5234 11 32708
5234 13 32710
5234 14 32711
5235 10 32711
5235 12 32709
5236 11 32716
5236 13 32718
5236 14 32719
5237 10 32719
5237 12 32717
5238 10 32703
5238 10 32715
5238 12 32701
5238 12 32713
5239 11 32700
5239 11 32712
5239 13 32702
5239 13 32714
5239 14 32703
5239 14 32715
5240 11 32703
5240 11 32715
5240 13 32701
5240 13 32713
5240 14 32700
5240 14 32712
5241 10 32700
5241 10 32712
5241 12 32702
5241 12 32714
5242 10 32716
5242 12 32718
5243 11 32719
5243 13 32717
5243 14 32716
5244 10 32708
5244 12 32710
5245 11 32711
5245 13 32709
5245 14 32708
5246 11 32707
5246 13 32705
5246 14 32704
5247 10 32704
5247 12 32706
5248 11 32701
5248 11 32713
5248 13 32703
5248 13 32715
5248 14 32702
5248 14 32714
5249 10 32702
5249 10 32714
5249 12 32700
5249 12 32712
5250 10 32718
5250 12 32716
5251 11 32717
5251 13 32719
5251 14 32718
5252 10 32710
5252 12 32708
5253 11 32709
5253 13 32711
5253 14 32710
5254 11 32705
5254 13 32707
5254 14 32706
5255 10 32706
5255 12 32704
5256 10 32705
5256 12 32707
5257 11 32706
5257 13 32704
5257 14 32705
5258 11 32710
5258 13 32708
5258 14 32709
5259 10 32709
5259 12 32711
5260 11 32718
5260 13 32716
5260 14 32717
5261 10 32717
5261 12 32719
5262 10 32701
5262 10 32713
5262 12 32703
5262 12 32715
5263 11 32702
5263 11 32714
5263 13 32700
5263 13 32712
5263 14 32701
5263 14 32713
5264 10 32719
5264 12 32717
5265 11 32716
5265 13 32718
5265 14 32719
5266 11 32700
5266 11 32712
5266 13 32702
5266 13 32714
5266 14 32703
5266 14 32715
5267 10 32703
5267 10 32715
5267 12 32701
5267 12 32713
5268 11 32704
5268 13 32706
5268 14 32707
5269 10 32707
5269 12 32705
5270 10 32711
5270 12 32709
5271 11 32708
5271 13 32710
5271 14 32711
5272 11 32711
5272 13 32709
5272 14 32708
5273 10 32708
5273 12 32710
5274 10 32704
5274 12 32706
5275 11 32707
5275 13 32705
5275 14 32704
5276 10 32700
5276 10 32712
5276 12 32702
5276 12 32714
5277 11 32703
5277 11 32715
5277 13 32701
5277 13 32713
5277 14 32700
5277 14 32712
5278 11 32719
5278 13 32717
5278 14 32716
5279 10 32716
5279 12 32718
5280 10 32708
5280 12 32710
5281 11 32711
5281 13 32709
5281 14 32708
5282 11 32707
5282 13 32705
5282 14 32704
5283 10 32704
5283 12 32706
5284 11 32703
5284 11 32715
5284 13 32701
5284 13 32713
5284 14 32700
5284 14 32712
5285 10 32700
5285 10 32712
5285 12 32702
5285 12 32714
5286 10 32716
5286 12 32718
5287 11 32719
5287 13 32717
5287 14 32716
5288 11 32716
5288 13 32718
5288 14 32719
5289 10 32719
5289 12 32717
5290 10 32703
5290 10 32715
5290 12 32701
5290 12 32713
5291 11 32700
5291 11 32712
5291 13 32702
5291 13 32714
5291 14 32703
5291 14 32715
5292 10 32707
5292 12 32705
5293 11 32704
5293 13 32706
5293 14 32707
5294 11 32708
5294 13 32710
5294 14 32711
5295 10 32711
5295 12 32709
5296 11 32706
5296 13 32704
5296 14 32705
5297 10 32705
5297 12 32707
5298 10 32709
5298 12 32711
5299 11 32710
5299 13 32708
5299 14 32709
