10 32700 5009 0
10 32700 5023 1
10 32700 5014 2
10 32700 5016 3
10 32700 5006 4
10 32700 5049 5
10 32700 5001 6
10 32700 5054 7
10 32701 5050 0
10 32701 5005 1
10 32701 5053 2
10 32701 5002 3
10 32701 5020 4
10 32701 5010 5
10 32701 5019 6
10 32701 5013 7
10 32702 5004 0
10 32702 5051 1
10 32702 5003 2
10 32702 5052 3
10 32702 5011 4
10 32702 5021 5
10 32702 5012 6
10 32702 5018 7
10 32703 5022 0
10 32703 5008 1
10 32703 5017 2
10 32703 5015 3
10 32703 5048 4
10 32703 5007 5
10 32703 5055 6
10 32703 5000 7
10 32704 5015 0
10 32704 5017 1
10 32704 5008 2
10 32704 5022 3
10 32704 5000 4
10 32704 5055 5
10 32704 5007 6
10 32704 5048 7
10 32705 5052 0
10 32705 5003 1
10 32705 5051 2
10 32705 5004 3
10 32705 5018 4
10 32705 5012 5
10 32705 5021 6
10 32705 5011 7
10 32706 5002 0
10 32706 5053 1
10 32706 5005 2
10 32706 5050 3
10 32706 5013 4
10 32706 5019 5
10 32706 5010 6
10 32706 5020 7
10 32707 5016 0
10 32707 5014 1
10 32707 5023 2
10 32707 5009 3
10 32707 5054 4
10 32707 5001 5
10 32707 5049 6
10 32707 5006 7
10 32708 5012 0
10 32708 5018 1
10 32708 5011 2
10 32708 5021 3
10 32708 5003 4
10 32708 5052 5
10 32708 5004 6
10 32708 5051 7
10 32709 5055 0
10 32709 5000 1
10 32709 5048 2
10 32709 5007 3
10 32709 5017 4
10 32709 5015 5
10 32709 5022 6
10 32709 5008 7
10 32710 5001 0
10 32710 5054 1
10 32710 5006 2
10 32710 5049 3
10 32710 5014 4
10 32710 5016 5
10 32710 5009 6
10 32710 5023 7
10 32711 5019 0
10 32711 5013 1
10 32711 5020 2
10 32711 5010 3
10 32711 5053 4
10 32711 5002 5
10 32711 5050 6
10 32711 5005 7
10 32712 5009 0
10 32712 5023 1
10 32712 5014 2
10 32712 5016 3
10 32712 5006 4
10 32712 5049 5
10 32712 5001 6
10 32712 5054 7
10 32713 5050 0
10 32713 5005 1
10 32713 5053 2
10 32713 5002 3
10 32713 5020 4
10 32713 5010 5
10 32713 5019 6
10 32713 5013 7
10 32714 5004 0
10 32714 5051 1
10 32714 5003 2
10 32714 5052 3
10 32714 5011 4
10 32714 5021 5
10 32714 5012 6
10 32714 5018 7
10 32715 5022 0
10 32715 5008 1
10 32715 5017 2
10 32715 5015 3
10 32715 5048 4
10 32715 5007 5
10 32715 5055 6
10 32715 5000 7
10 32716 5010 0
10 32716 5020 1
10 32716 5013 2
10 32716 5019 3
10 32716 5005 4
10 32716 5050 5
10 32716 5002 6
10 32716 5053 7
10 32717 5049 0
10 32717 5006 1
10 32717 5054 2
10 32717 5001 3
10 32717 5023 4
10 32717 5009 5
10 32717 5016 6
10 32717 5014 7
10 32718 5007 0
10 32718 5048 1
10 32718 5000 2
10 32718 5055 3
10 32718 5008 4
10 32718 5022 5
10 32718 5015 6
10 32718 5017 7
10 32719 5021 0
10 32719 5011 1
10 32719 5018 2
10 32719 5012 3
10 32719 5051 4
10 32719 5004 5
10 32719 5052 6
10 32719 5003 7
11 32700 5023 0
11 32700 5009 1
11 32700 5016 2
11 32700 5014 3
11 32700 5049 4
11 32700 5006 5
11 32700 5054 6
11 32700 5001 7
11 32701 5005 0
11 32701 5050 1
11 32701 5002 2
11 32701 5053 3
11 32701 5010 4
11 32701 5020 5
11 32701 5013 6
11 32701 5019 7
11 32702 5051 0
11 32702 5004 1
11 32702 5052 2
11 32702 5003 3
11 32702 5021 4
11 32702 5011 5
11 32702 5018 6
11 32702 5012 7
11 32703 5008 0
11 32703 5022 1
11 32703 5015 2
11 32703 5017 3
11 32703 5007 4
11 32703 5048 5
11 32703 5000 6
11 32703 5055 7
11 32704 5017 0
11 32704 5015 1
11 32704 5022 2
11 32704 5008 3
11 32704 5055 4
11 32704 5000 5
11 32704 5048 6
11 32704 5007 7
11 32705 5003 0
11 32705 5052 1
11 32705 5004 2
11 32705 5051 3
11 32705 5012 4
11 32705 5018 5
11 32705 5011 6
11 32705 5021 7
11 32706 5053 0
11 32706 5002 1
11 32706 5050 2
11 32706 5005 3
11 32706 5019 4
11 32706 5013 5
11 32706 5020 6
11 32706 5010 7
11 32707 5014 0
11 32707 5016 1
11 32707 5009 2
11 32707 5023 3
11 32707 5001 4
11 32707 5054 5
11 32707 5006 6
11 32707 5049 7
11 32708 5018 0
11 32708 5012 1
11 32708 5021 2
11 32708 5011 3
11 32708 5052 4
11 32708 5003 5
11 32708 5051 6
11 32708 5004 7
11 32709 5000 0
11 32709 5055 1
11 32709 5007 2
11 32709 5048 3
11 32709 5015 4
11 32709 5017 5
11 32709 5008 6
11 32709 5022 7
11 32710 5054 0
11 32710 5001 1
11 32710 5049 2
11 32710 5006 3
11 32710 5016 4
11 32710 5014 5
11 32710 5023 6
11 32710 5009 7
11 32711 5013 0
11 32711 5019 1
11 32711 5010 2
11 32711 5020 3
11 32711 5002 4
11 32711 5053 5
11 32711 5005 6
11 32711 5050 7
11 32712 5023 0
11 32712 5009 1
11 32712 5016 2
11 32712 5014 3
11 32712 5049 4
11 32712 5006 5
11 32712 5054 6
11 32712 5001 7
11 32713 5005 0
11 32713 5050 1
11 32713 5002 2
11 32713 5053 3
11 32713 5010 4
11 32713 5020 5
11 32713 5013 6
11 32713 5019 7
11 32714 5051 0
11 32714 5004 1
11 32714 5052 2
11 32714 5003 3
11 32714 5021 4
11 32714 5011 5
11 32714 5018 6
11 32714 5012 7
11 32715 5008 0
11 32715 5022 1
11 32715 5015 2
11 32715 5017 3
11 32715 5007 4
11 32715 5048 5
11 32715 5000 6
11 32715 5055 7
11 32716 5020 0
11 32716 5010 1
11 32716 5019 2
11 32716 5013 3
11 32716 5050 4
11 32716 5005 5
11 32716 5053 6
11 32716 5002 7
11 32717 5006 0
11 32717 5049 1
11 32717 5001 2
11 32717 5054 3
11 32717 5009 4
11 32717 5023 5
11 32717 5014 6
11 32717 5016 7
11 32718 5048 0
11 32718 5007 1
11 32718 5055 2
11 32718 5000 3
11 32718 5022 4
11 32718 5008 5
11 32718 5017 6
11 32718 5015 7
11 32719 5011 0
11 32719 5021 1
11 32719 5012 2
11 32719 5018 3
11 32719 5004 4
11 32719 5051 5
11 32719 5003 6
11 32719 5052 7
12 32700 5004 0
12 32700 5051 1
12 32700 5003 2
12 32700 5052 3
12 32700 5011 4
12 32700 5021 5
12 32700 5012 6
12 32700 5018 7
12 32701 5022 0
12 32701 5008 1
12 32701 5017 2
12 32701 5015 3
12 32701 5048 4
12 32701 5007 5
12 32701 5055 6
12 32701 5000 7
12 32702 5009 0
12 32702 5023 1
12 32702 5014 2
12 32702 5016 3
12 32702 5006 4
12 32702 5049 5
12 32702 5001 6
12 32702 5054 7
12 32703 5050 0
12 32703 5005 1
12 32703 5053 2
12 32703 5002 3
12 32703 5020 4
12 32703 5010 5
12 32703 5019 6
12 32703 5013 7
12 32704 5002 0
12 32704 5053 1
12 32704 5005 2
12 32704 5050 3
12 32704 5013 4
12 32704 5019 5
12 32704 5010 6
12 32704 5020 7
12 32705 5016 0
12 32705 5014 1
12 32705 5023 2
12 32705 5009 3
12 32705 5054 4
12 32705 5001 5
12 32705 5049 6
12 32705 5006 7
12 32706 5015 0
12 32706 5017 1
12 32706 5008 2
12 32706 5022 3
12 32706 5000 4
12 32706 5055 5
12 32706 5007 6
12 32706 5048 7
12 32707 5052 0
12 32707 5003 1
12 32707 5051 2
12 32707 5004 3
12 32707 5018 4
12 32707 5012 5
12 32707 5021 6
12 32707 5011 7
12 32708 5001 0
12 32708 5054 1
12 32708 5006 2
12 32708 5049 3
12 32708 5014 4
12 32708 5016 5
12 32708 5009 6
12 32708 5023 7
12 32709 5019 0
12 32709 5013 1
12 32709 5020 2
12 32709 5010 3
12 32709 5053 4
12 32709 5002 5
12 32709 5050 6
12 32709 5005 7
12 32710 5012 0
12 32710 5018 1
12 32710 5011 2
12 32710 5021 3
12 32710 5003 4
12 32710 5052 5
12 32710 5004 6
12 32710 5051 7
12 32711 5055 0
12 32711 5000 1
12 32711 5048 2
12 32711 5007 3
12 32711 5017 4
12 32711 5015 5
12 32711 5022 6
12 32711 5008 7
12 32712 5004 0
12 32712 5051 1
12 32712 5003 2
12 32712 5052 3
12 32712 5011 4
12 32712 5021 5
12 32712 5012 6
12 32712 5018 7
12 32713 5022 0
12 32713 5008 1
12 32713 5017 2
12 32713 5015 3
12 32713 5048 4
12 32713 5007 5
12 32713 5055 6
12 32713 5000 7
12 32714 5009 0
12 32714 5023 1
12 32714 5014 2
12 32714 5016 3
12 32714 5006 4
12 32714 5049 5
12 32714 5001 6
12 32714 5054 7
12 32715 5050 0
12 32715 5005 1
12 32715 5053 2
12 32715 5002 3
12 32715 5020 4
12 32715 5010 5
12 32715 5019 6
12 32715 5013 7
12 32716 5007 0
12 32716 5048 1
12 32716 5000 2
12 32716 5055 3
12 32716 5008 4
12 32716 5022 5
12 32716 5015 6
12 32716 5017 7
12 32717 5021 0
12 32717 5011 1
12 32717 5018 2
12 32717 5012 3
12 32717 5051 4
12 32717 5004 5
12 32717 5052 6
12 32717 5003 7
12 32718 5010 0
12 32718 5020 1
12 32718 5013 2
12 32718 5019 3
12 32718 5005 4
12 32718 5050 5
12 32718 5002 6
12 32718 5053 7
12 32719 5049 0
12 32719 5006 1
12 32719 5054 2
12 32719 5001 3
12 32719 5023 4
12 32719 5009 5
12 32719 5016 6
12 32719 5014 7
13 32700 5051 0
13 32700 5004 1
13 32700 5052 2
13 32700 5003 3
13 32700 5021 4
13 32700 5011 5
13 32700 5018 6
13 32700 5012 7
13 32701 5008 0
13 32701 5022 1
13 32701 5015 2
13 32701 5017 3
13 32701 5007 4
13 32701 5048 5
13 32701 5000 6
13 32701 5055 7
13 32702 5023 0
13 32702 5009 1
13 32702 5016 2
13 32702 5014 3
13 32702 5049 4
13 32702 5006 5
13 32702 5054 6
13 32702 5001 7
13 32703 5005 0
13 32703 5050 1
13 32703 5002 2
13 32703 5053 3
13 32703 5010 4
13 32703 5020 5
13 32703 5013 6
13 32703 5019 7
13 32704 5053 0
13 32704 5002 1
13 32704 5050 2
13 32704 5005 3
13 32704 5019 4
13 32704 5013 5
13 32704 5020 6
13 32704 5010 7
13 32705 5014 0
13 32705 5016 1
13 32705 5009 2
13 32705 5023 3
13 32705 5001 4
13 32705 5054 5
13 32705 5006 6
13 32705 5049 7
13 32706 5017 0
13 32706 5015 1
13 32706 5022 2
13 32706 5008 3
13 32706 5055 4
13 32706 5000 5
13 32706 5048 6
13 32706 5007 7
13 32707 5003 0
13 32707 5052 1
13 32707 5004 2
13 32707 5051 3
13 32707 5012 4
13 32707 5018 5
13 32707 5011 6
13 32707 5021 7
13 32708 5054 0
13 32708 5001 1
13 32708 5049 2
13 32708 5006 3
13 32708 5016 4
13 32708 5014 5
13 32708 5023 6
13 32708 5009 7
13 32709 5013 0
13 32709 5019 1
13 32709 5010 2
13 32709 5020 3
13 32709 5002 4
13 32709 5053 5
13 32709 5005 6
13 32709 5050 7
13 32710 5018 0
13 32710 5012 1
13 32710 5021 2
13 32710 5011 3
13 32710 5052 4
13 32710 5003 5
13 32710 5051 6
13 32710 5004 7
13 32711 5000 0
13 32711 5055 1
13 32711 5007 2
13 32711 5048 3
13 32711 5015 4
13 32711 5017 5
13 32711 5008 6
13 32711 5022 7
13 32712 5051 0
13 32712 5004 1
13 32712 5052 2
13 32712 5003 3
13 32712 5021 4
13 32712 5011 5
13 32712 5018 6
13 32712 5012 7
13 32713 5008 0
13 32713 5022 1
13 32713 5015 2
13 32713 5017 3
13 32713 5007 4
13 32713 5048 5
13 32713 5000 6
13 32713 5055 7
13 32714 5023 0
13 32714 5009 1
13 32714 5016 2
13 32714 5014 3
13 32714 5049 4
13 32714 5006 5
13 32714 5054 6
13 32714 5001 7
13 32715 5005 0
13 32715 5050 1
13 32715 5002 2
13 32715 5053 3
13 32715 5010 4
13 32715 5020 5
13 32715 5013 6
13 32715 5019 7
13 32716 5048 0
13 32716 5007 1
13 32716 5055 2
13 32716 5000 3
13 32716 5022 4
13 32716 5008 5
13 32716 5017 6
13 32716 5015 7
13 32717 5011 0
13 32717 5021 1
13 32717 5012 2
13 32717 5018 3
13 32717 5004 4
13 32717 5051 5
13 32717 5003 6
13 32717 5052 7
13 32718 5020 0
13 32718 5010 1
13 32718 5019 2
13 32718 5013 3
13 32718 5050 4
13 32718 5005 5
13 32718 5053 6
13 32718 5002 7
13 32719 5006 0
13 32719 5049 1
13 32719 5001 2
13 32719 5054 3
13 32719 5009 4
13 32719 5023 5
13 32719 5014 6
13 32719 5016 7
14 32700 5008 0
14 32700 5022 1
14 32700 5015 2
14 32700 5017 3
14 32700 5007 4
14 32700 5048 5
14 32700 5000 6
14 32700 5055 7
14 32701 5051 0
14 32701 5004 1
14 32701 5052 2
14 32701 5003 3
14 32701 5021 4
14 32701 5011 5
14 32701 5018 6
14 32701 5012 7
14 32702 5005 0
14 32702 5050 1
14 32702 5002 2
14 32702 5053 3
14 32702 5010 4
14 32702 5020 5
14 32702 5013 6
14 32702 5019 7
14 32703 5023 0
14 32703 5009 1
14 32703 5016 2
14 32703 5014 3
14 32703 5049 4
14 32703 5006 5
14 32703 5054 6
14 32703 5001 7
14 32704 5014 0
14 32704 5016 1
14 32704 5009 2
14 32704 5023 3
14 32704 5001 4
14 32704 5054 5
14 32704 5006 6
14 32704 5049 7
14 32705 5053 0
14 32705 5002 1
14 32705 5050 2
14 32705 5005 3
14 32705 5019 4
14 32705 5013 5
14 32705 5020 6
14 32705 5010 7
14 32706 5003 0
14 32706 5052 1
14 32706 5004 2
14 32706 5051 3
14 32706 5012 4
14 32706 5018 5
14 32706 5011 6
14 32706 5021 7
14 32707 5017 0
14 32707 5015 1
14 32707 5022 2
14 32707 5008 3
14 32707 5055 4
14 32707 5000 5
14 32707 5048 6
14 32707 5007 7
14 32708 5013 0
14 32708 5019 1
14 32708 5010 2
14 32708 5020 3
14 32708 5002 4
14 32708 5053 5
14 32708 5005 6
14 32708 5050 7
14 32709 5054 0
14 32709 5001 1
14 32709 5049 2
14 32709 5006 3
14 32709 5016 4
14 32709 5014 5
14 32709 5023 6
14 32709 5009 7
14 32710 5000 0
14 32710 5055 1
14 32710 5007 2
14 32710 5048 3
14 32710 5015 4
14 32710 5017 5
14 32710 5008 6
14 32710 5022 7
14 32711 5018 0
14 32711 5012 1
14 32711 5021 2
14 32711 5011 3
14 32711 5052 4
14 32711 5003 5
14 32711 5051 6
14 32711 5004 7
14 32712 5008 0
14 32712 5022 1
14 32712 5015 2
14 32712 5017 3
14 32712 5007 4
14 32712 5048 5
14 32712 5000 6
14 32712 5055 7
14 32713 5051 0
14 32713 5004 1
14 32713 5052 2
14 32713 5003 3
14 32713 5021 4
14 32713 5011 5
14 32713 5018 6
14 32713 5012 7
14 32714 5005 0
14 32714 5050 1
14 32714 5002 2
14 32714 5053 3
14 32714 5010 4
14 32714 5020 5
14 32714 5013 6
14 32714 5019 7
14 32715 5023 0
14 32715 5009 1
14 32715 5016 2
14 32715 5014 3
14 32715 5049 4
14 32715 5006 5
14 32715 5054 6
14 32715 5001 7
14 32716 5011 0
14 32716 5021 1
14 32716 5012 2
14 32716 5018 3
14 32716 5004 4
14 32716 5051 5
14 32716 5003 6
14 32716 5052 7
14 32717 5048 0
14 32717 5007 1
14 32717 5055 2
14 32717 5000 3
14 32717 5022 4
14 32717 5008 5
14 32717 5017 6
14 32717 5015 7
14 32718 5006 0
14 32718 5049 1
14 32718 5001 2
14 32718 5054 3
14 32718 5009 4
14 32718 5023 5
14 32718 5014 6
14 32718 5016 7
14 32719 5020 0
14 32719 5010 1
14 32719 5019 2
14 32719 5013 3
14 32719 5050 4
14 32719 5005 5
14 32719 5053 6
14 32719 5002 7
