0.00 157500
0.05 1155000
10.00 1155000
10.05 157500
20.00 157500
20.05 1155000
30.00 1155000
30.05 157500
40.00 157500
40.05 1155000
50.00 1155000
50.05 157500
60.00 157500
60.05 1155000
70.00 1155000
70.05 157500
80.00 157500
80.05 1155000
90.00 1155000
90.05 157500
100.00 157500
100.05 1155000
110.00 1155000
110.05 157500
120.00 157500
120.05 1155000
130.00 1155000
130.05 157500
140.00 157500
140.05 1155000
150.00 1155000
150.05 157500
160.00 157500
160.05 1155000
170.00 1155000
170.05 157500
180 157500
